Invest=[2.0 1.0 1.0 1.0 1.0 1.0 0.0]
Pc=[5.000;3.7; 3.700 ;0 ;0; 0 ;0]                   # Puissances kW
Pd=[5.000;3.7; 3.700; 0 ;0; 0; 0]
M=2                                                  # maximum de schedule par tâche
fi=10                                                # nombre max de cycle des battéries
P_sous=[ 36 6 6 9 9 6 9 ]                             # puissance souscrite convertir
JA=2
JB=1
delta=3600
n=7
gamma=[9.8;9.8;9.8;0;0;0;0]                # Kwh
n=7                                                  # nombre de personnes
B=1                                                  # une batterie par personne
dist=1                                             # chaque 30 min 1/2h
c=0.975
d=0.975
xi=[0; 0;0;0; 0; 0; 0; 0]                      # charge initiale des batteries
xi0=[0; 0;0;0; 0; 0; 0; 0]                      # charge initiale des batteries
eta=0.99                                             # perte automatique
alpha=1                                              # pas de perte suivant la distance
M=2                                                  # maximum de schedule par tâche
fi=10                                                # nombre max de cycle des battéries
L=1
Pedf=0.1685 # prix d'achat au réseau edf euro/kWh
Pac=0.14     # prix d'achat dans la communauté euro/kWh
Pvc=0.12     # Prix de vente dans la communauté euro/kWh
oui=0.065   # prix de vente à planète oui euro/kWh
Pv=0.1        # prix de vente à edf lorsque pas dans une communauté euro/kWh

Nbp=3
u=1
tt=5

JobA= Array{Float64}(undef, (n,JA,Nbp,u))
JobA[:,:,1,1]=[0 1 ; 1 1 ; 1 1 ; 1 1 ;1 1 ;0 1 ;1 1 ]
JobA[:,:,2,1]=[0 0 ; 1 0 ; 0 0 ; 0 0 ;1 0 ;1 0 ;1 0 ]
JobA[:,:,3,1]=[0 0 ; 1 0 ; 1 0 ; 0 0 ;0 0 ;1 0 ;1 0 ]
#JobA=[individu,tâche de type A,la pièce]
#1 : chauffage
#2 : chauffe eau

# Puissance des appareils en kW type A

#Pa[invidu,device=job,la pièce,niveau de puissance]
Nbp=3


pow=4       # nombre max de puissance
Pa= Array{Float64}(undef, (n,JA,Nbp,pow))

Pa[:,:,1,4]=[3 3;3 3;3 3; 3 3; 3 3;3 3;3 3 ]
Pa[:,:,1,3]=[2 2;2 2;2 2; 2 2; 2 2;2 2;2 2 ]
Pa[:,:,1,2]=[1 1;1 1;1 1; 1 1; 1 1;1 1;1 1 ]
Pa[:,:,1,1]=[0 0;0 0;0 0;0 0;0 0;0 0;0 0]

Pa[:,:,2,4]=[3 3;3 3;3 3; 3 3; 3 3;3 3;3 3 ]
Pa[:,:,2,3]=[2 2;2 2;2 2; 2 2; 2 2;2 2;2 2 ]
Pa[:,:,2,2]=[1 1;1 1;1 1; 1 1; 1 1;1 1;1 1 ]
Pa[:,:,2,1]=[0 0;0 0;0 0;0 0;0 0;0 0;0 0]

Pa[:,:,3,4]=[3 3;3 3;3 3; 3 3; 3 3;3 3;3 3 ]
Pa[:,:,3,3]=[2 2;2 2;2 2; 2 2; 2 2;2 2;2 2 ]
Pa[:,:,3,2]=[1 1;1 1;1 1; 1 1; 1 1;1 1;1 1 ]
Pa[:,:,3,1]=[0 0;0 0;0 0;0 0;0 0;0 0;0 0]



y0=[22 22 22 22 22 22 22;22 22 22 22 22 22 22;22 22 22 22 22 22 22]
y00=[22 22 22 22 22 22 22;22 22 22 22 22 22 22;22 22 22 22 22 22 22]

tmin=[20 19 20 20 21 20 19;20 19 20 20 20 20 19;20 19 20 20 20 20 19]
tmax=[25 25 25 25 25 25 25;25 25 25 25 25 25 25;25 25 25 25 25 25 25]

Cm=[2970000 2970000 5940000 3960000 8250000 6105000 4950000;4950000 2970000 2970000 6600000 3300000 2970000 3300000;5940000 2970000 2970000 3960000 3960000 3300000 4620000]
U=[12 12 24 16 33.3 24.6 20;20 12 12 20 13.3 12 13.3;24.6 12 12 16 16 13.3 18.6]

ti=[15 17 18 19 10 10 8;15 17 18 19 10 10 8;15 17 18 19 10 10 8]

sc=28
ec=36
temp_min=55
temp_max=60
Ta=17
S=[ 7 1.5 2 3.75 2.4 2 2.6;7 1.5 2 3.75 2.4 2 2.6;7 1.5 2 3.75 2.4 2 2.6]
Masse=[ 350 75 100 200 150 100 150;350 75 100 200 150 100 150;350 75 100 200 150 100 150]
K=1
cpo=1
r=1.2
beta=0.15
omega=[1 1 0 1 1 1 0]
maxIterGC=10
ec=18
T=24
Yout=[ 23.95 23.9 23.7 22.8 21.85 22.25 23.8 25.5 27.05 29.15 30.85 31.45 31.6 31.65 32.55 32.8 31.3 29.85 28.45 26.9 26 25.25 24.55 24.15]

td=[17 17 17 17 17 17 17; 17 17 17 17 17 17 17; 17 17 17 17 17 17 17]
 tf=[24 24 24 24 24 24 24; 24 24 24 24 24 24 24; 24 24 24 24 24 24 24]

prod1=[0.0 0.0 0.0 0.0 0.0 0.0 0.0097 0.20297500000000002 0.50345 0.708991666666667 1.67249166666667 3.20325 5.675533333333335 6.347758333333335 6.676841666666665 5.082316666666665 4.2233166666666655 4.067675 3.784125 0.9003416666666685 0.1815083333333335 0.0 0.0 0.0; 0.0 0.0 0.0 0.0 0.0 0.0 0.0071 0.39185833333333353 1.0933000000000015 1.693766666666665 2.4639833333333296 3.38304166666667 4.28334166666667 4.6174 3.9443166666666647 2.9245 2.288916666666665 2.17184166666667 1.3256166666666651 0.325175 0.090875 0.0 0.0 0.0; 0.0 0.0 0.0 0.0 0.0 0.0 0.0 0.0 0.0 0.0 0.0 0.0 3.962625 4.724066666666665 4.275158333333335 2.82218333333333 2.411783333333335 1.760233333333335 1.2297749999999985 0.3503833333333335 0.0239333333333335 0.0 0.0 0.0; 0.0 0.0 0.0 0.0 0.0 0.0 0.0100166666666665 0.41007499999999997 1.681308333333335 2.26285 2.7228333333333348 3.4208499999999997 4.170516666666665 4.346083333333334 3.8743166666666653 2.71206666666667 2.13725833333333 1.7698416666666699 1.1005666666666685 0.3251083333333335 0.094875 0.0 0.0 0.0; 0.0 0.0 0.0 0.0 0.0 0.0 0.0 0.0 0.0 0.0 0.0 0.0 0.0 0.0 0.0 0.0 0.0 0.0 0.0 0.0 0.0 0.0 0.0 0.0; 0.0 0.0 0.0 0.0 0.0 0.0 0.0 0.0 0.0 0.0 0.0 0.0 0.0 0.0 0.0 0.0 0.0 0.0 0.0 0.0 0.0 0.0 0.0 0.0; 0.0 0.0 0.0 0.0 0.0 0.0 0.0 0.0 0.0 0.0 0.0 0.0 0.0 0.0 0.0 0.0 0.0 0.0 0.0 0.0 0.0 0.0 0.0 0.0]

 p=[1 1 1 1 1 1 1 1 1 1 1 1 1 1 1 1 1 1 1 1 1 1 1 1.0; 1 1 1 1 1 1 1 1 1 1 1 1 1 1 1 1 1 1 1 1 1 1 1 1.0; 1 1 1 1 1 1 1 1 1 1 1 1 1 1 1 1 1 1 1 1 1 1 1 1.0; 1 1 1 1 1 1 1 1 1 1 1 1 1 1 1 1 1 1 1 1 1 1 1 1.0; 1 1 1 1 1 1 1 1 1 1 1 1 1 1 1 1 1 1 1 1 1 1 1 1.0; 1 1 1 1 1 1 1 1 1 1 1 1 1 1 1 1 1 1 1 1 1 1 1 1.0; 1 1 1 1 1 1 1 1 1 1 1 1 1 1 1 1 1 1 1 1 1 1 1 1.0]

 Pb= Array{Float64}(undef, (n,T,JB,M))
Pb[:,:,1,1]=[[ 0 0 0 0 0 0 0 0 0 0 0 0 0 0 0 0 0 0 0 0 0 0 0 0];[ 0 0 0 0 0 0 0 0 0 0 0 0 0 0 0 0 0 0 0 0 0 0 0 0];[ 0 0 0 0 0 0 0 0 0 0 0 0 0 0 0 0 0 0 0 0 0 0 0 0];[ 0 0 0 0 0 0 0 0 0 0 0 0 0 0 0 0 0 0 0 0 0 0 0 0];[ 0 0 0 0 0 0 0 0 0 0 0 0 0 0 0 0 0 0 0 0 0 0 0 0];[ 0 0 0 0 0 0 0 0 0 0 0 0 0 0 0 0 0 0 0 0 0 0 0 0];[ 0 0 0 0 0 0 0 0 0 0 0 0 0 0 0 0 0 0 0 0 0 0 0 0]]

Pb[:,:,1,2]=[[ 0 0 0 0 0 0 0 0 0 0 0 0 0 0 0 0 0 0 0 0 0 0 0 0];[ 0 0 0 0 0 0 0 0 0 0 0 0 0 0 0 0 0 0 0 0 0 0 0 0];[ 0 0 0 0 0 0 0 0 0 0 0 0 0 0 0 0 0 0 0 0 0 0 0 0];[ 0 0 0 0 0 0 0 0 0 0 0 0 0 0 0 0 0 0 0 0 0 0 0 0];[ 0 0 0 0 0 0 0 0 0 0 0 0 0 0 0 0 0 0 0 0 0 0 0 0];[ 0 0 0 0 0 0 0 0 0 0 0 0 0 0 0 0 0 0 0 0 0 0 0 0];[ 0 0 0 0 0 0 0 0 0 0 0 0 0 0 0 0 0 0 0 0 0 0 0 0]]


